Freq classe modal atual: 71
{
  i: {
    '0': {
      li: 72,
      Li: 81,
      f: 15,
      x: 76,
      fr: 0.056179775280898875,
      F: 15,
      Fr: 0.056179775280898875,
      xifi: 1140
    },
    '1': {
      li: 81,
      Li: 90,
      f: 38,
      x: 85,
      fr: 0.14232209737827714,
      F: 53,
      Fr: 0.19850187265917604,
      xifi: 3230
    },
    '2': {
      li: 90,
      Li: 99,
      f: 57,
      x: 94,
      fr: 0.21348314606741572,
      F: 110,
      Fr: 0.41198501872659177,
      xifi: 5358
    },
    '3': {
      li: 99,
      Li: 108,
      f: 71,
      x: 103,
      fr: 0.26591760299625467,
      F: 181,
      Fr: 0.6779026217228464,
      xifi: 7313
    },
    '4': {
      li: 108,
      Li: 117,
      f: 47,
      x: 112,
      fr: 0.1760299625468165,
      F: 228,
      Fr: 0.8539325842696629,
      xifi: 5264
    },
    '5': {
      li: 117,
      Li: 126,
      f: 27,
      x: 121,
      fr: 0.10112359550561797,
      F: 255,
      Fr: 0.9550561797752809,
      xifi: 3267
    },
    '6': {
      li: 126,
      Li: 135,
      f: 12,
      x: 130,
      fr: 0.0449438202247191,
      F: 267,
      Fr: 1,
      xifi: 1560
    }
  },
  modalClass: {
    klass: {
      li: 99,
      Li: 108,
      f: 71,
      x: 103,
      fr: 0.26591760299625467,
      F: 181,
      Fr: 0.6779026217228464,
      xifi: 7313
    },
    index: '3',
    l_asterisk: 99,
    L_asterisk: 108,
    d1: 14,
    d2: 24
  },
  Mob: 103.5,
  n: 267,
  h: 9,
  Exifi: 27132,
  Efr: 1,
  Mcz: 102.3157894736842,
  x_bar: 101.61797752808988,
  medianClass: {
    klass: {
      li: 99,
      Li: 108,
      f: 71,
      x: 103,
      fr: 0.26591760299625467,
      F: 181,
      Fr: 0.6779026217228464,
      xifi: 7313
    },
    FAA: 110,
    l_asterisk: 99,
    f_asterisk: 71,
    h_asterisk: 9
  },
  Md: 101.97887323943662
}
